\draw (-6.28, 0) --(-6.28,4.00);
\draw plot [smooth] coordinates {(-6.28,4.00) (-5.97,4.02) (-5.65,4.10) (-5.34,4.22) (-5.03,4.38) (-4.71,4.59) (-4.40,4.82) (-4.08,5.09) (-3.77,5.38) (-3.46,5.69) (-3.14,6.00) (-2.83,6.31) (-2.51,6.62) (-2.20,6.91) (-1.88,7.18) (-1.57,7.41) (-1.26,7.62) (-0.94,7.78) (-0.63,7.90) (-0.31,7.98) (-0.00,8.00) (0.31,7.98) (0.63,7.90) (0.94,7.78) (1.26,7.62) (1.57,7.41) (1.88,7.18) (2.20,6.91) (2.51,6.62) (2.83,6.31) (3.14,6.00) (3.46,5.69) (3.77,5.38) (4.08,5.09) (4.40,4.82) (4.71,4.59) (5.03,4.38) (5.34,4.22) (5.65,4.10) (5.97,4.02) (6.28,4.00) };
\draw (6.28,4.02) -- (6.28,0);
\draw(6.28, 0) --(-6.28,0);

\draw(0, 0) ellipse (2.83 and 2.00); 
\draw (2.64,0.71) --(2.52,1.46) --(1.63,1.63); 
\draw (1.63,1.63) --(1.26,2.18) --(0.53,1.97); 
\draw (0.53,1.97) --(0.00,2.37) --(-0.53,1.97); 
\draw (-0.53,1.97) --(-1.26,2.18) --(-1.63,1.63); 
\draw (-1.63,1.63) --(-2.52,1.46) --(-2.64,0.71); 
\draw (-2.64,0.71) --(-3.20,0.00) --(-2.64,-0.71); 
\draw (-2.64,-0.71) --(-2.52,-1.46) --(-1.63,-1.63); 
\draw (-1.63,-1.63) --(-1.26,-2.18) --(-0.53,-1.97); 
\draw (-0.53,-1.97) --(-0.00,-2.37) --(0.53,-1.97); 
\draw (0.53,-1.97) --(1.26,-2.18) --(1.63,-1.63); 
\draw (1.63,-1.63) --(2.52,-1.46) --(2.64,-0.71); 
\draw (2.64,-0.71) --(3.20,-0.00) --(2.64,0.71); 
